((("equal" .
   [1 0 0 0 0])
  ("if" .
   [1 0])
  ("default" .
   [0 0 0 3 0 0 0])
  ("require" .
   [1 0 0 0 0 0 0])
  ("lazy" .
   [1 0 0 0])
  ("forEach" .
   [1 0 0 0 0 0 0])
  ("function" .
   [1 0 0 0 0 0 0 0])
  ("fileame" .
   [0 0 0 0 1 0 0])
  ("line" .
   [1 0 0 0])
  ("each" .
   [1 0 0 0])
  ("data" .
   [2 0 0 0])
  ("for" .
   [1 0 0])
  ("lines" .
   [1 0 0 0 0])
  ("strLine" .
   [0 0 0 1 0 0 0])
  ("split" .
   [0 0 1 0 0])
  ("filename" .
   [2 0 0 0 0 0 0 0])
  ("index" .
   [3 0 0 0 0])
  ("content" .
   [2 0 0 0 0 0 0])
  ("d" .
   [1])))
